#name zcmb zhel mb dmb ra dec
03D1au 0.50349 0.504299 22.93445 0.12605 36.043209 -4.037469
03D1ax 0.4952 0.496005 22.8802 0.11765 36.097286 -4.720774
03D1co 0.6782 0.678997 24.0377 0.2056 36.567749 -4.93505
03D1ew 0.8672 0.868006 24.34685 0.17385 36.058796 -4.665852
03D1fq 0.7992 0.799997 24.3605 0.17435 36.731934 -4.302217
03D3ay 0.37129 0.370894 22.28785 0.1245 214.493576 52.482613
03D3bl 0.35568 0.355297 22.05915 0.12645 214.982498 53.097401
03D4ag 0.28391 0.284998 21.40915 0.1028 333.690948 -17.739655
03D4au 0.46691 0.467996 23.21635 0.1587 334.041351 -18.077591
03D4cx 0.94791 0.948999 24.41155 0.1642 333.640625 -17.587511
03D4cz 0.69391 0.694998 23.79645 0.24445 334.174408 -17.926271
03D4di 0.89791 0.898999 24.40275 0.16645 333.542664 -17.506617
03D4fd 0.78991 0.791003 24.2188 0.11585 334.060211 -17.395573
03D4gg 0.59091 0.591996 23.3354 0.1666 334.16745 -18.164457
04D1dc 0.2102 0.210999 20.64495 0.10525 36.576935 -4.311968
04D1ff 0.8592 0.86 24.1237 0.1478 36.410923 -4.902631
04D1hx 0.5592 0.560004 23.1648 0.1335 36.177063 -4.790326
04D1iv 0.9972 0.998006 24.69965 0.1408 36.200211 -4.152559
04D1jg 0.5834 0.5842 23.34385 0.1258 36.552319 -4.1348
04D1ks 0.7972 0.798005 23.85445 0.1588 36.03965 -4.978721
04D1ow 0.9142 0.914998 24.37895 0.13735 36.677898 -4.30619
04D1pd 0.94921 0.950003 24.66675 0.15105 36.915634 -4.631172
04D1pp 0.7342 0.735002 23.8481 0.15575 36.301994 -4.701584
04D1qd 0.7662 0.766999 24.10805 0.1549 36.637814 -4.107177
04D1rx 0.9842 0.985003 24.828 0.153 36.295959 -4.618349
04D1si 0.7012 0.702004 23.7492 0.1738 36.203316 -4.56895
04D2al 0.83716 0.835995 24.1545 0.1807 150.468643 2.164106
04D2cf 0.37016 0.368994 22.1401 0.1211 150.483704 1.879478
04D2fs 0.35816 0.356996 21.95965 0.1186 150.092026 1.765398
04D2gc 0.52216 0.520995 23.15915 0.14165 150.413605 1.883052
04D2iu 0.70116 0.699997 23.7115 0.26255 150.304916 2.41505
04D2kr 0.74526 0.744096 23.8056 0.16465 150.155594 1.711927
04D2mh 0.59116 0.589999 23.2429 0.12625 149.941208 2.141025
04D3co 0.62039 0.62 23.5114 0.1131 214.458252 52.963612
04D3dd 1.0024 1.002004 25.0798 0.19135 214.451691 52.470676
04D3do 0.6104 0.610001 23.47615 0.1329 214.442001 52.267551
04D3fk 0.35819 0.357796 21.9694 0.11425 214.6091 52.528469
04D3gt 0.45138 0.450997 22.4159 0.12515 215.635803 52.646919
04D3hn 0.55239 0.552001 22.98515 0.13425 215.528732 52.228588
04D3ks 0.75039 0.750001 23.763 0.19155 215.639786 52.185184
04D3lu 0.82238 0.821998 24.3356 0.14625 215.283203 52.974792
04D3ml 0.95039 0.949999 24.68515 0.14485 214.162781 53.093254
04D3nh 0.34039 0.340003 21.9463 0.10555 215.611282 52.333447
04D3ny 0.8104 0.810003 24.0795 0.17055 214.734665 52.187466
04D4an 0.61191 0.613 23.7392 0.1593 333.987915 -17.695501
04D4bq 0.54891 0.549997 22.8926 0.1438 333.705933 -17.827595
04D4dw 1.02991 1.030999 24.7289 0.16015 334.186127 -17.83407
04D4gg 0.42291 0.424003 22.35675 0.1192 334.038574 -17.294411
04D4hu 0.70191 0.702998 23.90875 0.1805 333.900879 -17.8389
04D4ic 0.68591 0.686995 23.844 0.2326 333.591064 -17.943487
04D4ih 0.93291 0.934001 24.54795 0.15235 334.320923 -17.677382
04D4im 0.74991 0.751001 23.81055 0.18275 333.75354 -17.396042
04D4jr 0.46891 0.47 22.73255 0.11785 333.559662 -17.350218
04D4jw 0.95991 0.961002 24.80665 0.17245 334.328705 -17.665495
05D1az 0.8412 0.842003 24.22255 0.1456 36.302109 -4.602335
05D1cc 0.5632 0.563999 23.2428 0.11755 36.629868 -4.164801
05D1cl 0.8292 0.830004 24.39785 0.1526 36.273563 -4.220818
05D1dx 0.57921 0.580004 23.22495 0.12065 36.945789 -4.03249
05D1em 0.8652 0.866006 24.3693 0.14625 36.02301 -4.939906
05D1er 0.8592 0.860003 24.4442 0.16535 36.422737 -4.004535
05D1hm 0.58621 0.587002 23.5694 0.1417 36.942574 -4.717286
05D1ix 0.4892 0.490006 22.8653 0.1136 36.083195 -4.670004
05D1ke 0.68921 0.690005 23.6132 0.1518 36.692883 -4.862496
05D2ab 0.32416 0.322995 21.79365 0.10225 150.461853 2.106329
05D2ah 0.18516 0.183995 20.4558 0.10405 150.369705 1.862732
05D2bt 0.68116 0.679997 23.59755 0.1484 150.417679 2.566161
05D2bw 0.92116 0.920002 24.355 0.1708 149.627319 2.536402
05D2cb 0.42816 0.427 22.751 0.1294 149.852417 2.328181
05D2ck 0.69916 0.697999 23.95255 0.2153 150.188339 2.572851
05D2dt 0.57516 0.573995 23.38495 0.13845 150.349686 1.857741
05D2dy 0.51116 0.509997 23.11305 0.1165 150.242081 2.1831
05D2ec 0.64116 0.639999 23.62155 0.1659 149.8591 2.013626
05D2hc 0.35116 0.349997 22.2272 0.1136 150.019135 1.886025
05D2ie 0.34916 0.347998 22.14445 0.11065 150.262054 2.658085
05D2mp 0.35486 0.3537 22.23665 0.113 149.785965 2.204004
05D2nn 0.87116 0.870002 24.3402 0.1332 149.707291 2.710264
05D2ob 0.92516 0.923999 24.7687 0.10935 149.753021 1.848985
05D3cf 0.4194 0.419 22.59095 0.12095 214.222458 52.345055
05D3cq 0.89038 0.889995 24.1804 0.14085 214.692352 53.132137
05D3dd 0.48038 0.479997 22.7752 0.1151 215.626862 52.606792
05D3gp 0.58038 0.579999 23.36785 0.1608 215.676315 52.724689
05D3ha 0.80538 0.804996 24.09575 0.1555 215.210129 52.834038
05D3hs 0.66438 0.663998 23.6337 0.1611 215.306503 52.903809
05D3jb 0.74538 0.744999 24.00735 0.1527 215.541656 52.878132
05D3jk 0.7364 0.736003 23.77845 0.1399 214.197723 52.592487
05D3jr 0.37039 0.370003 22.04575 0.11295 214.869781 52.864849
05D3kp 0.85039 0.849996 24.31865 0.1304 215.012268 52.270828
05D3kx 0.21938 0.219002 20.8469 0.1023 215.45842 53.137119
05D3lb 0.64739 0.647002 23.6259 0.1613 214.382324 53.167927
05D3lr 0.60038 0.600004 23.4022 0.15455 215.550583 53.184277
05D3mn 0.76039 0.759994 23.92525 0.14995 214.688507 52.323147
05D3mx 0.47039 0.470001 22.804 0.1221 215.537918 52.219177
05D4af 0.49791 0.498998 22.9275 0.13225 334.138092 -18.004923
05D4av 0.50791 0.508995 22.9705 0.1253 333.543945 -17.911943
05D4bf 0.58791 0.588995 23.44375 0.14055 334.109772 -18.232067
05D4bj 0.69992 0.701005 23.77905 0.15635 333.748596 -18.133404
05D4cn 0.76191 0.763 24.05415 0.16035 333.381073 -17.288845
05D4cs 0.78891 0.79 24.1069 0.13815 334.324249 -17.88015
05D4dt 0.40591 0.406998 22.564 0.11045 333.607697 -17.67111
05D4dy 0.80892 0.810004 24.55735 0.16345 333.875488 -18.215502
05D4ej 0.58392 0.585005 23.6081 0.12955 333.968811 -18.195719
05D4ev 0.72091 0.721996 24.0226 0.19335 333.37677 -17.700785
05D4fg 0.83791 0.839001 24.3054 0.1427 334.172272 -17.595461
05D4gw 0.80691 0.808 24.2544 0.1837 333.697327 -17.5319
06D2bk 0.50016 0.499001 23.0505 0.13595 149.678635 2.171984
06D2cc 0.53316 0.532 22.9345 0.1665 149.86203 2.451355
06D2ce 0.82116 0.819997 24.1676 0.18525 150.43425 2.713314
06D2fb 0.12516 0.123998 19.4684 0.10355 149.883942 1.827922
06D2gb 0.44316 0.441996 22.57415 0.1349 150.197586 1.985406
06D3cc 0.68339 0.682999 23.9441 0.2905 214.381668 52.912472
06D3do 0.72639 0.725997 23.90005 0.1628 214.247467 52.882542
06D3ed 0.40439 0.404 22.44625 0.1075 214.699173 52.756557
06D3em 0.69038 0.689995 23.7527 0.18375 214.84758 53.023014
06D3et 0.57639 0.576002 23.2437 0.1229 215.519867 52.338367
06D3gh 0.72039 0.719995 23.87645 0.2029 214.630905 52.442909
06D4bo 0.55091 0.552002 23.16815 0.1249 333.867126 -17.409184
06D4ce 0.8489 0.849995 24.3105 0.16975 334.321869 -17.235937
06D4co 0.43591 0.436997 22.36675 0.109 333.860504 -17.869184
06D4dh 0.30191 0.302999 21.64245 0.0939 333.582062 -17.585009
03D1aw 0.58119 0.581997 23.52355 0.1372 36.061634 -4.517158
03D1bp 0.34621 0.347006 22.11525 0.111 36.657234 -4.838779
03D1fc 0.3312 0.332002 21.7829 0.10685 36.431648 -4.144059
03D3aw 0.44939 0.449003 22.78895 0.14135 215.223053 52.605625
03D3ba 0.2916 0.291199 21.47215 0.12535 214.139297 52.34219
03D3cd 0.46109 0.460698 22.62945 0.13775 214.666367 52.61208
03D4at 0.63291 0.633997 23.66065 0.20445 333.600159 -17.776726
03D4cj 0.26891 0.27 21.1762 0.0993 334.027618 -17.704657
03D4cy 0.92591 0.926997 24.7416 0.1923 333.418396 -17.681641
03D4dh 0.62591 0.627002 23.46015 0.1303 334.379272 -17.629654
03D4dy 0.60891 0.609996 23.3767 0.1266 333.71051 -17.956478
03D4gf 0.57891 0.579997 23.2373 0.13895 333.595551 -17.734032
04D1aj 0.7202 0.720998 23.82525 0.2057 36.474834 -4.99461
04D1de 0.7672 0.767998 24.24705 0.1593 36.64962 -4.422623
04D1hd 0.3682 0.369001 22.24455 0.1019 36.536808 -4.109634
04D1hy 0.8492 0.850006 24.33175 0.14855 36.036224 -4.831071
04D1jd 0.77721 0.778001 24.0942 0.17835 36.961819 -4.94379
04D1kj 0.58421 0.585003 23.2686 0.09915 36.969418 -4.180252
04D1oh 0.5892 0.590005 23.30085 0.13005 36.259838 -4.236187
04D1pc 0.7692 0.769999 24.2078 0.16885 36.603649 -4.3994
04D1pg 0.5142 0.514997 23.12745 0.1329 36.76733 -4.175287
04D1pu 0.63821 0.639003 23.37 0.2329 36.868641 -4.744934
04D1rh 0.43521 0.436004 22.5623 0.1145 36.946449 -4.253765
04D1sa 0.58421 0.585003 23.46355 0.14025 36.983994 -4.176071
04D1sk 0.66259 0.663397 23.74875 0.17955 36.09491 -4.353621
04D2an 0.62116 0.619997 23.4108 0.1628 150.217957 2.04123
04D2fp 0.41616 0.415 22.5154 0.11755 149.867172 2.321014
04D2gb 0.45117 0.450004 22.36265 0.1377 150.594452 1.894161
04D2gp 0.73316 0.732001 24.04855 0.24055 149.834885 2.508879
04D2ja 0.74116 0.739999 24.26275 0.21515 149.702087 1.771737
04D2mc 0.34916 0.347996 21.74 0.12 150.148132 1.784181
04D2mj 0.51416 0.512999 23.18845 0.1355 150.152222 2.577067
04D3cy 0.64339 0.642997 23.60755 0.1943 214.551804 52.658333
04D3df 0.4704 0.470002 22.65205 0.12925 214.541672 52.277687
04D3ez 0.26338 0.262995 21.15515 0.1079 214.782639 53.071949
04D3fq 0.7424 0.742 23.92255 0.19885 214.24118 52.379471
04D3gx 0.91039 0.909997 24.6116 0.16365 215.056946 52.282776
04D3kr 0.3374 0.337001 21.9137 0.10655 214.149719 52.478874
04D3lp 0.98339 0.982999 24.92305 0.1439 214.962112 52.503197
04D3mk 0.81338 0.812997 24.26675 0.14105 214.857346 53.163692
04D3nc 0.8174 0.816998 24.3431 0.12085 214.075912 52.273804
04D3nr 0.96038 0.959998 24.5736 0.1577 215.660446 52.648685
04D3oe 0.75639 0.755999 24.03965 0.1583 214.914093 52.553848
04D4bk 0.87891 0.879995 24.42165 0.14325 333.782104 -18.060274
04D4dm 0.80991 0.811003 24.20795 0.1668 333.856049 -17.245159
04D4fx 0.62791 0.628997 23.4134 0.138 334.158905 -18.066357
04D4hf 0.93491 0.936001 24.7653 0.2009 334.241241 -17.687025
04D4ib 0.69791 0.698997 23.78265 0.16195 334.173798 -18.105089
04D4id 0.76791 0.769004 24.3849 0.17855 334.089172 -17.229027
04D4ii 0.86491 0.866 24.39625 0.15285 333.981812 -17.657478
04D4in 0.51491 0.516002 22.98745 0.11725 333.785736 -17.261028
04D4ju 0.47091 0.472004 23.1005 0.141 334.261353 -17.332813
04D4jy 0.92891 0.93 24.7789 0.1829 333.464905 -17.404896
05D1cb 0.6312 0.631997 23.4092 0.1432 36.737732 -4.117567
05D1ck 0.6162 0.617005 23.56625 0.1433 36.103539 -4.7128
05D1dn 0.5652 0.566004 23.2891 0.13595 36.111038 -4.991558
05D1ee 0.55819 0.558997 23.2494 0.1349 36.194786 -4.000485
05D1eo 0.7362 0.737002 24.06925 0.19205 36.34642 -4.642671
05D1hk 0.2622 0.263005 21.15835 0.1082 36.163235 -4.634253
05D1if 0.7622 0.763006 23.97575 0.15445 36.123871 -4.570338
05D1iz 0.8592 0.859998 24.54425 0.17845 36.553204 -4.77337
05D1kl 0.5592 0.560006 23.6061 0.15165 36.139744 -4.31896
05D2ac 0.48016 0.479001 22.74835 0.1138 149.746811 2.489504
05D2ay 0.92116 0.919996 24.57175 0.18725 150.284668 2.130321
05D2bv 0.47516 0.473995 22.6952 0.109 150.570831 2.2406
05D2by 0.89216 0.890999 24.5781 0.1577 150.116806 2.521539
05D2ci 0.63116 0.629999 23.1617 0.17705 150.008499 2.215852
05D2ct 0.73516 0.733995 24.02845 0.2108 150.425766 2.123794
05D2dw 0.41816 0.417 22.38625 0.1152 149.633621 2.032241
05D2eb 0.53516 0.533999 22.98355 0.1266 150.060684 2.407438
05D2fq 0.73416 0.733001 24.09175 0.17825 149.785431 2.602
05D2he 0.60916 0.607997 23.5447 0.14865 150.360458 2.317729
05D2le 0.70116 0.699995 23.8387 0.16475 150.478653 2.092912
05D2my 0.98216 0.981002 24.78095 0.143 149.631042 2.491221
05D2nt 0.75816 0.756997 24.0557 0.15165 150.242615 2.37273
05D3ax 0.64339 0.643 23.6045 0.2013 214.823257 52.687519
05D3ci 0.51539 0.515003 23.02365 0.1762 215.450439 52.445282
05D3cx 0.80538 0.804995 24.0139 0.1301 215.277252 52.750507
05D3dh 0.80039 0.800003 23.82255 0.1606 215.210007 52.66272
05D3gv 0.71538 0.715001 23.84395 0.19425 215.246887 53.178879
05D3hh 0.76639 0.766003 24.2307 0.1806 214.792297 52.959332
05D3ht 0.90139 0.901003 24.5128 0.1511 214.477921 53.167583
05D3jh 0.71839 0.717995 23.68915 0.15095 214.355774 52.618767
05D3jq 0.57938 0.579 23.1779 0.1197 215.439331 53.029919
05D3km 0.96038 0.960003 24.80925 0.14255 215.659485 53.066998
05D3kt 0.64839 0.648002 23.53665 0.159 214.973831 52.742985
05D3la 0.93639 0.936001 24.4717 0.1405 215.355911 52.357971
05D3lc 0.46138 0.460995 22.76265 0.11115 215.595505 52.478867
05D3mh 0.67039 0.669999 23.78495 0.1775 214.749298 52.667561
05D3mq 0.24639 0.245995 21.16055 0.10805 214.751785 52.38512
05D4ag 0.63892 0.640003 23.49005 0.184 333.447601 -18.165264
05D4be 0.53591 0.537005 23.06945 0.11085 334.222443 -17.236099
05D4bi 0.77391 0.774997 24.17605 0.17625 333.985626 -17.986071
05D4bm 0.37091 0.372001 22.15255 0.1043 334.269226 -17.677624
05D4cq 0.69992 0.701003 23.88895 0.1728 333.540222 -18.226713
05D4cw 0.37391 0.374998 22.11185 0.1039 333.708679 -17.738766
05D4dw 0.85391 0.854998 24.3052 0.1508 334.232819 -18.05146
05D4ef 0.60392 0.605003 23.58805 0.1429 333.497101 -18.212345
05D4ek 0.53491 0.536 22.9223 0.1289 334.114655 -17.736317
05D4ff 0.40091 0.401997 22.2601 0.1151 334.083984 -18.042557
05D4fo 0.37191 0.373003 22.20135 0.10745 333.837128 -17.268076
05D4hn 0.84091 0.841999 24.0253 0.15175 334.306519 -17.912704
06D2ca 0.53216 0.531 23.059 0.11385 149.789825 2.302517
06D2cd 0.93116 0.929998 24.704 0.21015 150.241501 2.534039
06D2ck 0.55316 0.551995 23.2838 0.1242 150.36673 1.86363
06D2ga 0.84116 0.839999 24.3261 0.1858 149.783783 1.938493
06D3bz 0.72739 0.727 23.8687 0.19785 214.29184 53.024826
06D3df 0.44238 0.442001 22.67285 0.1137 215.571701 52.957684
06D3dt 0.2824 0.282002 21.5746 0.1073 214.340271 52.452816
06D3el 0.5194 0.518999 23.03865 0.109 214.254532 52.232403
06D3en 1.06039 1.060002 24.6873 0.16415 215.305573 52.456078
06D3fp 0.26838 0.267995 21.24725 0.1051 215.07753 52.897163
06D3gn 0.2504 0.250002 21.1763 0.1114 214.435959 52.361183
06D4ba 0.69892 0.700004 23.7924 0.2171 333.898895 -18.229116
06D4bw 0.73091 0.731997 23.7684 0.19115 333.765503 -17.883453
06D4cl 0.99891 1.000003 24.6122 0.0953 334.237732 -17.450634
06D4cq 0.40991 0.411001 22.451 0.10895 334.231354 -17.711981
744 0.12694 0.128104 19.5429 0.11965 329.198486 0.317498
1112 0.25609 0.257302 21.3344 0.1818 339.017639 -0.375189
1241 0.08848 0.089686 18.64345 0.10605 337.672516 -0.776589
1371 0.11797 0.119199 19.19345 0.0991 349.37381 0.429384
1580 0.18322 0.183882 20.2951 0.1284 45.323063 -0.644066
1794 0.1407 0.141761 19.871 0.11635 317.836823 -0.445333
2031 0.15186 0.152851 19.7933 0.10325 312.043182 -1.171422
2102 0.09401 0.095007 18.889 0.10285 312.220947 0.191135
2165 0.28662 0.287693 21.6827 0.1504 17.09173 -0.096247
2422 0.26349 0.264684 21.3576 0.14295 1.994533 0.638195
2635 0.1431 0.143622 19.79675 0.1047 52.704308 -1.238076
2689 0.16035 0.16133 19.9329 0.1156 24.900312 -0.758714
2916 0.12303 0.124072 19.3948 0.11665 315.921722 0.569566
2992 0.12608 0.126548 19.36855 0.113 55.49704 -0.782655
3080 0.17315 0.174222 20.15345 0.09925 16.932343 -1.039495
3087 0.16431 0.165344 20.03175 0.1083 20.406706 -0.977236
3317 0.1599 0.160857 19.92285 0.11045 26.962612 0.6406
3377 0.24448 0.24498 20.86815 0.1298 54.156151 1.079169
3451 0.24835 0.249544 20.98175 0.13435 334.069244 0.70813
4046 0.27544 0.276662 21.37075 0.15505 354.498322 0.642106
4241 0.33051 0.331628 21.9321 0.1589 12.237703 -0.90574
4679 0.33103 0.332056 21.82885 0.1481 21.528351 0.676858
5103 0.16059 0.161794 19.98615 0.10955 359.88446 0.737165
5533 0.21887 0.22003 20.87005 0.13435 328.669952 0.41343
5549 0.11991 0.121096 19.36835 0.1021 3.250535 0.248223
5635 0.17839 0.179577 20.72835 0.1286 333.18277 -0.034922
5957 0.27923 0.280071 21.50115 0.13265 34.760574 -0.272839
5994 0.18581 0.186811 20.48365 0.1298 312.602539 -0.167889
6057 0.06641 0.067035 17.9881 0.1134 52.553604 -0.974586
6108 0.258 0.259194 21.2775 0.14285 1.806597 0.348985
6196 0.2798 0.281007 21.2773 0.1398 337.631165 -0.502662
6315 0.26576 0.266737 21.0609 0.1301 310.482819 1.091998
6422 0.185 0.186226 20.37525 0.1056 349.138794 -0.663224
6558 0.05715 0.057329 17.65695 0.1072 21.701672 -1.238135
6924 0.3264 0.327608 21.6733 0.1464 358.96933 0.876966
7147 0.10886 0.110087 19.1721 0.10285 350.018463 -0.055446
7243 0.20323 0.204386 20.7001 0.1382 328.079071 0.47193
7779 0.37986 0.380829 22.13745 0.1395 310.0802 -0.007178
7847 0.2116 0.212477 20.68915 0.12295 32.459949 -0.061799
8495 0.21353 0.214726 20.78295 0.1364 335.261047 -0.748159
8921 0.14409 0.145221 19.83575 0.113 325.001984 -0.007925
9032 0.25249 0.253698 21.1678 0.16095 337.884583 -0.493577
9457 0.25672 0.257921 21.2758 0.1749 335.814362 0.253036
9467 0.21885 0.220014 20.976 0.1685 328.951385 1.180792
12779 0.07883 0.079874 18.5397 0.12205 309.471863 1.221122
12781 0.08282 0.083989 18.7438 0.11605 5.406564 -1.009973
12856 0.17028 0.171468 20.2489 0.107 332.865479 0.755978
12881 0.2367 0.237838 20.87655 0.14325 10.162345 -0.073567
12883 0.30569 0.306692 21.3803 0.19765 312.625885 0.398666
12898 0.08254 0.083497 18.5179 0.1055 26.793083 -0.146964
12927 0.18891 0.189638 20.2039 0.1187 41.78614 0.775128
12950 0.08141 0.082633 18.511 0.10425 351.66745 -0.840276
12972 0.25655 0.257704 21.2564 0.16145 7.958593 -0.382957
13005 0.12622 0.127168 19.58525 0.13485 27.395458 -0.649882
13038 0.10264 0.10387 19.16175 0.1443 347.826782 0.504606
13044 0.12455 0.125735 19.4784 0.1006 332.542755 0.503265
13136 0.37046 0.371627 22.46065 0.1636 6.140682 -0.279061
13152 0.20215 0.203311 20.38595 0.11475 7.052111 0.11801
13254 0.1799 0.18062 20.68245 0.14335 42.058674 -0.347028
13411 0.1618 0.162833 20.1359 0.1299 315.189941 0.191662
13578 0.22669 0.227762 20.8771 0.141 17.394697 0.704158
13610 0.29683 0.297971 21.4449 0.1446 326.014771 0.726284
13689 0.25029 0.251473 21.20115 0.13305 4.016125 0.807558
13736 0.14882 0.150028 19.91815 0.1063 336.833282 1.030971
13796 0.14729 0.148518 19.776 0.10335 350.691559 0.532883
14019 0.21513 0.216177 21.20185 0.1483 316.642426 -0.647952
14024 0.14478 0.145848 19.8106 0.13965 318.198578 0.916348
14108 0.13243 0.132935 19.9293 0.1333 53.594646 -1.12321
14331 0.21975 0.220905 21.00055 0.1346 7.888675 -0.135814
14397 0.38492 0.386084 22.40575 0.14945 6.916098 0.649507
14421 0.174 0.174889 20.3461 0.1115 31.829882 1.252084
14451 0.17789 0.178836 20.20345 0.1224 308.194946 0.927069
14735 0.29936 0.300196 21.51975 0.1301 35.158035 0.348378
14871 0.11845 0.118944 19.44875 0.1339 54.2771 0.00936
14979 0.17653 0.177014 20.2397 0.106 54.946434 0.992816
15057 0.24552 0.246586 21.3752 0.1882 17.881262 0.409492
15129 0.19611 0.197182 20.54825 0.11935 318.902405 -0.321433
15161 0.24852 0.249347 21.09655 0.1326 35.842915 0.819003
15213 0.30632 0.306839 21.77705 0.16135 53.019138 -0.100142
15219 0.24637 0.247215 21.1569 0.13055 34.611145 0.226688
15234 0.13514 0.136217 19.9671 0.1135 16.958336 0.828198
15259 0.21054 0.211747 20.6402 0.1335 337.544189 -0.407819
15287 0.2363 0.237419 21.1547 0.12315 323.959686 -1.057435
15301 0.17851 0.17963 20.37535 0.1134 323.579926 0.589106
15354 0.22068 0.221843 20.81795 0.15445 6.773676 -0.125976
15383 0.31494 0.315791 21.8201 0.1572 34.149532 -0.155162
15421 0.18443 0.185289 20.55175 0.1118 33.7416 0.602507
15440 0.26129 0.262051 21.2036 0.13865 39.720669 0.090127
15443 0.18123 0.181809 20.21145 0.10535 49.867435 -0.31803
15456 0.38048 0.381657 22.03255 0.1506 331.867249 -0.903413
15461 0.18481 0.185954 20.38765 0.1082 326.847473 -0.494677
15467 0.20847 0.209554 20.65465 0.12075 320.019928 -0.177441
15583 0.17706 0.177857 20.33625 0.12905 37.731079 0.946299
15776 0.31582 0.316689 21.7168 0.15355 32.829441 -0.998258
15868 0.24973 0.250516 21.1676 0.1247 38.099796 -0.713578
15901 0.20368 0.204563 20.6509 0.11955 31.976303 -0.535389
16021 0.12336 0.124465 19.4198 0.10285 13.843731 -0.388811
16032 0.20318 0.203865 20.64385 0.12035 44.069218 -0.410771
16073 0.15339 0.154541 20.1226 0.10495 8.107763 -1.054001
16093 0.33439 0.33562 21.9349 0.1592 350.362457 1.132483
16099 0.1958 0.19676 20.5286 0.1151 26.420935 -1.054386
16106 0.24973 0.250908 21.0769 0.14445 332.089355 -1.148781
16116 0.15509 0.156305 20.0251 0.1063 355.302002 -1.105807
16165 0.15596 0.156861 19.98785 0.12595 30.733135 -0.533872
16206 0.15837 0.15954 19.81685 0.12375 5.78819 -0.053633
16211 0.30938 0.310609 21.8114 0.19685 348.164093 0.266932
16213 0.24857 0.249718 21.1261 0.1388 8.971051 0.258405
16281 0.18507 0.186292 20.31575 0.1235 352.942139 -0.668052
17168 0.18376 0.184972 20.5074 0.1247 339.723816 -1.167083
17215 0.18079 0.181274 20.37965 0.13765 54.92638 1.092299
17218 0.17696 0.178176 20.28545 0.129 356.171814 -0.030055
17220 0.17768 0.178821 20.0718 0.12115 9.701524 -0.179249
17240 0.0718 0.072676 18.0121 0.1254 8.640957 -1.217578
17366 0.13811 0.139146 19.66285 0.10475 315.787292 -1.029184
17389 0.1696 0.170713 20.46515 0.1317 323.294861 -0.96015
17464 0.24555 0.246714 20.7198 0.14705 6.640777 0.041985
17497 0.14387 0.144671 19.81665 0.10485 37.13657 -1.042117
17552 0.25191 0.253014 21.2338 0.1462 322.320557 -1.003178
17784 0.03743 0.03705 16.7708 0.1166 52.461727 0.056828
17791 0.27749 0.278675 21.8807 0.2055 332.373291 0.737893
17809 0.28746 0.288624 21.2668 0.1491 6.364582 -0.839571
17811 0.19867 0.199782 20.61015 0.13895 12.878674 -0.947399
17825 0.15999 0.160857 20.07605 0.129 32.947124 -0.912429
17875 0.21075 0.211784 21.0136 0.15075 20.983381 1.254994
17884 0.23775 0.2387 21.0147 0.1316 27.599838 1.172075
18030 0.15517 0.156344 20.14265 0.11795 4.932975 -0.400135
18241 0.09391 0.094906 18.94955 0.14945 312.387726 -0.761723
18323 0.15271 0.153896 20.08555 0.11355 3.428632 0.652155
18325 0.25722 0.258369 21.2741 0.1446 8.905735 0.370035
18466 0.21226 0.212868 20.80065 0.1303 48.418526 0.629998
18486 0.2454 0.245879 20.88445 0.13085 55.180023 1.003079
18602 0.13696 0.138175 19.76485 0.11075 338.983582 0.609241
18617 0.32569 0.326919 21.9051 0.1809 345.761505 0.849165
18697 0.10638 0.107506 19.09035 0.10245 11.223947 -0.997054
18721 0.40127 0.402456 22.30585 0.1602 3.077347 -0.077318
18749 0.18931 0.190429 20.4864 0.13035 12.547336 0.675423
18804 0.19726 0.198237 20.4352 0.1122 25.265629 -0.448449
18809 0.12837 0.128932 19.5616 0.132 50.881317 0.666634
18835 0.12262 0.123127 19.44025 0.1033 53.685146 0.355509
18855 0.12715 0.127753 19.59325 0.10365 48.632347 0.269818
18927 0.21323 0.213867 20.67635 0.1429 46.682472 -0.754019
18940 0.21099 0.212127 20.727 0.12695 10.348955 0.411951
18945 0.26856 0.269695 21.4883 0.15275 10.078404 -1.037373
18965 0.20453 0.205641 20.66435 0.12435 13.509144 1.069021
19002 0.2701 0.27081 21.2859 0.12695 42.615364 -0.551163
19023 0.24185 0.242779 20.98075 0.15175 307.116943 0.006237
19027 0.29114 0.2923 21.236 0.14645 328.884186 -0.371996
19067 0.35346 0.354598 21.81675 0.1515 325.628113 0.984606
19128 0.28543 0.286649 21.60225 0.15435 354.203766 -0.78223
19230 0.21955 0.220738 20.6719 0.1534 332.891022 0.764785
19282 0.17558 0.176784 20.24765 0.1249 359.072235 -0.505872
19341 0.23542 0.236507 20.9929 0.1458 15.860297 0.331394
19353 0.15325 0.153953 19.99965 0.1096 43.114372 0.251817
19425 0.21005 0.211166 20.90475 0.1584 323.508698 -0.740519
19596 0.29135 0.291854 21.51945 0.1501 53.884281 0.703362
19632 0.31376 0.314512 21.8225 0.14945 40.286488 0.144448
19775 0.13687 0.137945 19.7402 0.1138 318.956085 0.651289
19794 0.29567 0.296875 21.7708 0.1925 359.319061 0.249367
19818 0.30394 0.304775 21.49625 0.135 35.266689 0.496411
19913 0.20557 0.20676 20.73155 0.1351 333.762482 -0.341257
19953 0.1219 0.123087 19.34125 0.09805 332.930481 0.579076
19969 0.17428 0.175164 20.2369 0.11045 31.910473 -0.324
19990 0.24883 0.24967 21.2028 0.13995 34.806366 -0.384841
20039 0.24558 0.246722 21.1159 0.14105 9.878607 1.024336
20084 0.13833 0.139557 19.8495 0.1169 347.975281 -0.578091
20088 0.24315 0.244263 21.02795 0.1175 13.205203 0.6315
20111 0.24267 0.243891 21.18455 0.15195 354.394379 0.248099
20142 0.31468 0.315685 21.3618 0.137 23.008219 -0.429732
20227 0.27573 0.276958 21.4485 0.153 349.119995 -0.098497
20245 0.30041 0.301633 21.4204 0.15885 341.705536 0.75629
20364 0.21728 0.218249 20.89395 0.15665 25.756645 -0.945469
20581 0.20335 0.204559 20.5734 0.12555 337.703003 0.01074
20687 0.19025 0.19133 20.4061 0.1552 16.718126 1.154068
21006 0.29021 0.290826 21.3714 0.15315 47.941761 0.091911
21033 0.22786 0.228791 20.83435 0.15045 28.813671 0.6431
21042 0.31065 0.311682 21.45975 0.15795 315.011566 0.827591
21062 0.13729 0.13848 20.12265 0.11415 333.43158 0.396301
21502 0.08784 0.08906 18.6796 0.1066 353.599792 -0.890334
722 0.08504 0.08624 18.62285 0.1057 0.705703 0.751234
762 0.19009 0.191177 20.6486 0.11825 15.535334 -0.878981
774 0.09227 0.093243 18.8576 0.109 25.463467 -0.876399
1032 0.12903 0.129669 19.58985 0.12795 46.795696 1.119552
1253 0.26166 0.262781 21.1668 0.15835 323.799042 0.163079
2017 0.26162 0.262782 21.4559 0.17885 328.943329 0.593518
2246 0.19422 0.194793 20.61715 0.12925 50.09042 -0.885593
2308 0.14703 0.14788 19.83975 0.1218 34.272865 0.280298
2330 0.21179 0.212956 21.14485 0.1818 6.807123 1.120598
2372 0.17958 0.180326 20.30175 0.11325 40.520721 -0.54085
2440 0.19029 0.191003 20.6928 0.11925 42.633732 0.807796
2533 0.3388 0.339694 21.7897 0.1618 31.220692 -0.326468
2561 0.11741 0.118057 19.41925 0.10595 46.343418 0.858359
2789 0.2889 0.290127 21.5295 0.1639 344.201447 0.401109
2943 0.26405 0.26512 21.2679 0.15695 17.704947 1.007936
3199 0.24961 0.250801 21.38165 0.1409 333.292725 1.050538
3452 0.22967 0.230867 20.8794 0.1271 334.671509 0.639188
3592 0.08543 0.086484 18.608 0.10035 19.052437 0.791937
4000 0.27656 0.277457 21.62545 0.19055 31.016014 -0.365828
4577 0.36193 0.362713 22.1744 0.1645 38.475533 0.280717
5391 0.30021 0.300739 21.62535 0.16525 52.341984 -1.094704
5395 0.11635 0.116934 19.38465 0.1036 49.640949 0.123341
5550 0.15492 0.156104 19.83105 0.1045 3.598291 0.333052
5717 0.25037 0.251435 21.2982 0.13225 17.895966 -0.005896
5736 0.25174 0.252746 21.209 0.1266 22.862734 -0.631618
5751 0.12928 0.130407 19.5471 0.1075 11.634153 0.838215
5844 0.30929 0.31044 21.72385 0.1693 327.786194 -0.842936
6137 0.29888 0.299821 21.66705 0.1633 307.936127 0.244757
6192 0.27091 0.272141 21.3419 0.169 348.464996 1.256988
6249 0.29353 0.294713 21.57975 0.1437 3.265553 -0.620118
6304 0.18979 0.190754 20.46505 0.1185 26.497623 1.195954
6406 0.12376 0.124407 19.4023 0.1022 46.088615 -1.06296
6649 0.31288 0.313731 21.63085 0.14295 34.27586 0.534831
6699 0.30915 0.310259 21.83605 0.15525 322.814972 -1.056985
6780 0.20267 0.203825 20.60265 0.13765 328.068604 0.267062
6933 0.21163 0.21276 20.6247 0.1276 11.351705 1.075577
6936 0.1789 0.180013 20.4025 0.1152 323.233795 -0.699781
7143 0.30354 0.304766 21.872 0.13765 345.26236 -0.207367
7473 0.21457 0.215748 20.8217 0.1308 4.326408 -0.257275
7475 0.32045 0.321626 21.6956 0.1358 4.753476 -0.281488
7512 0.21835 0.218886 20.9318 0.14225 52.090313 -0.326094
7876 0.07523 0.075943 18.2988 0.10185 19.18251 0.794628
8046 0.2576 0.258373 21.37115 0.15 39.116806 0.511273
8213 0.18468 0.185889 20.3647 0.13065 357.520935 -0.921379
8719 0.11628 0.117434 19.29475 0.10185 7.721481 -0.718848
10028 0.06481 0.065327 17.87655 0.1109 17.741856 0.276253
10434 0.10288 0.104044 19.16045 0.103 329.955902 -1.193712
10805 0.04437 0.045197 16.92415 0.11995 344.927521 -0.01373
12843 0.16595 0.167068 19.9345 0.12155 323.878082 -0.980274
12853 0.16817 0.169222 20.0523 0.1219 316.765564 0.72307
12855 0.17063 0.171802 20.12375 0.14255 330.255524 0.716239
12860 0.12042 0.121542 19.52005 0.11295 323.694183 1.175912
12928 0.13868 0.139576 19.76995 0.1308 305.009033 -0.975694
12971 0.2338 0.234963 20.92065 0.1527 6.648502 -0.302072
12977 0.24643 0.247536 21.0223 0.14645 13.695609 -0.250863
13025 0.22286 0.224082 21.0804 0.1546 341.567322 0.415896
13045 0.17915 0.180378 20.2809 0.1225 345.024933 0.53767
13070 0.19718 0.198388 20.5818 0.1167 357.785065 -0.746341
13072 0.22916 0.230357 20.99445 0.14355 334.959473 0.024371
13099 0.26451 0.265709 21.45355 0.1665 359.818726 -1.250384
13135 0.10337 0.104549 19.10195 0.1007 4.172286 -0.42454
13305 0.21338 0.214557 20.73185 0.12325 331.100494 0.691214
13354 0.15653 0.157475 19.944 0.1104 27.564823 -0.887272
13506 0.2434 0.244376 21.24885 0.15475 25.243341 -0.727846
13511 0.23652 0.237264 21.2481 0.14335 40.612354 -0.794122
13641 0.20852 0.209744 20.70195 0.1319 345.218719 -0.981143
13655 0.25104 0.25181 21.4064 0.1659 39.020218 -0.994179
13727 0.22534 0.226402 20.861 0.12955 317.588074 0.93262
13757 0.28742 0.288644 21.45405 0.14295 350.123077 -1.157847
13830 0.32984 0.331065 21.65335 0.14295 351.561707 -0.382281
13835 0.24603 0.247197 21.128 0.1225 6.059644 -0.248262
13894 0.11966 0.120853 19.65185 0.142 1.69061 -0.03676
13934 0.32931 0.330531 22.21015 0.20955 342.111023 -0.435268
14157 0.21082 0.211378 20.57655 0.1203 51.136692 1.022365
14212 0.20308 0.204254 20.7349 0.1164 330.470123 1.045011
14261 0.28436 0.285517 21.2982 0.13635 328.240387 0.253794
14284 0.18037 0.180963 20.13755 0.10565 49.049294 -0.600944
14298 0.2607 0.261732 21.31275 0.1521 314.89505 1.223257
14437 0.14792 0.149098 19.8403 0.1023 332.080963 -1.196387
14456 0.32793 0.329157 21.80515 0.13855 343.551117 1.050661
14481 0.24206 0.243249 21.3452 0.1569 2.681734 0.201306
14846 0.22334 0.224497 20.93075 0.1281 7.663236 0.141581
14984 0.1828 0.183816 20.58185 0.1376 313.833557 -0.09279
15132 0.15304 0.154207 20.0024 0.10245 329.700226 0.197686
15171 0.13818 0.139072 19.70325 0.10245 304.792542 -1.064489
15201 0.20735 0.208558 21.03995 0.18575 337.519409 0.003639
15203 0.20313 0.204218 20.64165 0.1209 15.734715 0.183087
15222 0.19801 0.199199 20.49105 0.129 2.853377 0.702744
15229 0.22256 0.223738 20.9356 0.1392 4.831984 1.090719
15356 0.2734 0.274598 21.30625 0.14505 335.053314 0.409944
15365 0.18651 0.187733 20.52515 0.11385 354.556671 1.24909
15425 0.15935 0.15982 19.83815 0.1054 55.561081 0.478286
15433 0.21935 0.220445 20.8854 0.1261 14.879633 -0.256513
15453 0.17373 0.174808 20.4812 0.1283 319.668304 -1.024288
15466 0.24436 0.245419 20.96025 0.1449 317.64505 -0.12322
15508 0.13353 0.134481 19.59395 0.101 27.168976 -0.576611
15584 0.28332 0.284019 21.4441 0.13595 43.495464 0.986965
15648 0.17383 0.174844 20.3284 0.1373 313.718384 -0.194823
15674 0.19654 0.197759 20.70795 0.1369 340.829163 0.262909
15704 0.36952 0.370275 22.26255 0.14325 40.210735 0.658751
15872 0.20548 0.20629 20.5658 0.12095 36.722496 -0.32781
15897 0.17357 0.174692 20.28215 0.12665 11.68145 -1.032905
16069 0.12688 0.128097 19.526 0.1097 341.246063 -1.006598
16072 0.28434 0.285523 21.474 0.15145 3.12444 -0.977309
16100 0.19392 0.194824 20.5958 0.1361 30.436289 -1.03241
16185 0.10018 0.101255 18.95705 0.11145 16.868069 -0.269365
16232 0.37425 0.37532 22.3047 0.0854 17.20541 -0.989553
16259 0.11771 0.118937 19.35185 0.11365 352.029968 0.856355
16276 0.19176 0.192798 20.5315 0.1404 20.578657 1.010615
16350 0.23684 0.237956 21.01435 0.146 323.639496 -0.885831
17171 0.15899 0.160129 19.99615 0.1245 326.502045 -1.21773
17186 0.07877 0.079377 18.7576 0.11205 31.612825 -0.89955
17208 0.13864 0.139837 19.99935 0.13335 1.491593 1.103086
17223 0.23381 0.234773 20.88475 0.1537 26.361374 -0.019418
17253 0.15689 0.158079 20.02475 0.15485 2.994201 0.99815
17258 0.08806 0.088889 18.4809 0.11615 35.738617 1.02576
17280 0.13045 0.130915 19.79635 0.12165 55.791908 0.102471
17332 0.18203 0.182721 20.3359 0.12625 43.773479 -0.147425
17340 0.25625 0.256987 21.13985 0.14805 41.21209 0.364833
17435 0.21674 0.217778 20.8123 0.13625 20.344587 -0.014803
17605 0.14533 0.146287 19.90865 0.1399 309.202759 0.098444
17629 0.13639 0.137291 19.58645 0.1105 30.636435 -1.089188
17801 0.20515 0.20619 20.934 0.1568 316.093201 -0.898024
18091 0.36976 0.370763 22.04745 0.1558 23.367535 0.524681
18415 0.1294 0.13061 19.61205 0.10875 337.478271 1.058609
18463 0.26687 0.26794 21.33225 0.14765 17.565994 0.472038
18485 0.27822 0.278833 21.3866 0.13915 47.959118 -0.692416
18604 0.17483 0.17605 20.5056 0.1317 340.920929 0.42138
18612 0.11364 0.114761 19.1271 0.10675 12.287929 0.596957
18650 0.11242 0.113577 19.38095 0.1026 328.447235 0.015055
18740 0.15317 0.154249 19.8424 0.10465 16.855324 1.043746
18768 0.19671 0.197785 20.7379 0.13845 17.216736 1.197879
18787 0.18914 0.190054 20.88525 0.12885 29.729753 -1.027071
18807 0.17625 0.176891 20.47675 0.1273 46.640945 0.793304
19008 0.21757 0.218747 20.7809 0.13945 331.963348 -1.069943
19101 0.18563 0.186785 20.33785 0.1283 7.972722 0.138298
19174 0.16356 0.164535 20.0237 0.11915 25.659727 1.030393
19207 0.25721 0.258396 21.34695 0.16715 333.463928 -0.920283
19543 0.12164 0.122851 19.58065 0.13445 357.908356 0.279826
19616 0.16455 0.165355 20.09405 0.10665 37.101109 0.184666
19658 0.19862 0.199767 20.6407 0.1317 8.903193 -0.2327
19702 0.26821 0.26883 21.39935 0.16265 47.754841 0.356752
19757 0.40128 0.402511 22.165 0.1348 349.481018 1.22284
19940 0.14581 0.146844 19.6731 0.12755 315.393524 -0.268507
19968 0.05573 0.055889 17.56165 0.10915 24.348734 -0.311997
19992 0.22452 0.22573 21.16495 0.15345 357.104156 -1.185004
20040 0.28655 0.287713 21.42305 0.15585 328.879486 0.815071
20048 0.18388 0.185096 20.55265 0.14145 339.308075 0.736387
20064 0.10351 0.104715 18.96075 0.10555 358.586212 -0.917617
20106 0.33136 0.332589 22.03 0.19055 346.554291 0.328961
20144 0.21865 0.219759 20.76195 0.1415 322.431915 0.444623
20345 0.26357 0.264704 21.035 0.1514 10.701769 0.379731
20430 0.16284 0.16384 20.2483 0.1303 312.416809 0.46863
20625 0.10683 0.107999 19.2184 0.10455 5.683364 -0.47901
20764 0.16477 0.165737 20.0849 0.11585 26.120781 0.229765
21034 0.1075 0.108442 19.24475 0.10865 28.141375 1.244067
22075 0.12899 0.129907 19.5083 0.1143 29.963102 1.216465
2001ah 0.05948 0.058332 17.71775 0.12625 167.624313 55.160839
2001az 0.04093 0.040688 17.0528 0.11665 248.614487 76.029541
2001da 0.01705 0.017687 14.85645 0.1832 358.386414 8.11728
2001en 0.01531 0.016375 14.59755 0.1613 21.34523 34.025021
2001fe 0.01472 0.013538 14.6158 0.14905 144.487595 25.49468
2001gb 0.02673 0.025696 15.97105 0.16165 149.753998 17.820089
2001G 0.01732 0.01651 14.8718 0.1587 137.388397 50.280788
2001ic 0.04437 0.044197 16.72085 0.19805 347.68042 7.56951
2001V 0.01567 0.014934 14.4307 0.15405 179.35379 25.202641
2002bf 0.02477 0.024192 15.6593 0.1718 153.926315 55.668709
2002bz 0.038 0.036955 16.7664 0.13185 216.168854 26.626471
2002ck 0.0299 0.029862 16.2413 0.123 236.753174 -0.99026
2002cr 0.01012 0.009351 13.90745 0.19825 211.656876 -5.43926
2002de 0.0258 0.028118 16.1648 0.1376 244.126389 35.708359
2002dp 0.01038 0.01164 14.0496 0.2048 352.125427 22.42724
2002eu 0.03791 0.03759 16.5851 0.2001 27.43145 32.628422
2002G 0.03507 0.033684 16.45115 0.16785 196.980347 34.0853
2002ha 0.01268 0.013232 14.4486 0.171 311.827484 0.3126
2002he 0.02525 0.024564 15.82815 0.13295 124.995018 62.82048
2002kf 0.01908 0.019307 15.3534 0.14115 99.313683 49.85302
2003ae 0.03489 0.032889 16.36835 0.1667 142.09404 27.444799
2003ch 0.0295 0.028613 16.3438 0.12735 109.491211 9.69301
2003cq 0.03416 0.033288 16.57565 0.1563 179.058975 60.522129
2003fa 0.04067 0.040388 16.7928 0.1127 266.032227 40.880859
2003hu 0.07515 0.074995 17.8882 0.1248 287.879669 77.893028
2003ic 0.05581 0.056006 17.23215 0.12285 10.45973 -9.30531
2003it 0.02529 0.02532 15.7896 0.1405 1.45218 27.452391
2003iv 0.03501 0.034309 16.6581 0.12485 42.530182 12.84591
2003U 0.02846 0.02834 16.0051 0.13405 260.690125 62.16407
2004as 0.0328 0.031058 16.64085 0.12525 171.413269 22.83029
2004L 0.03378 0.032294 16.38795 0.1403 156.767197 16.018829
2005hc 0.04597 0.045894 17.2822 0.1025 29.199789 -0.21373
2005hf 0.04341 0.043064 16.93145 0.1209 21.77496 19.116899
2005hj 0.05684 0.056939 17.73355 0.1203 21.701651 -1.23814
2005ki 0.02024 0.019483 15.2868 0.12735 160.117584 9.20228
2005lu 0.03191 0.032233 16.59205 0.12775 39.01564 -17.26375
2005lz 0.0415 0.039972 16.9967 0.1259 32.707199 34.982731
2005mc 0.02639 0.025217 15.93305 0.1399 126.776154 21.64628
2005ms 0.02651 0.025183 16.06745 0.1248 132.309677 36.129639
2005na 0.02689 0.026319 15.87545 0.126 105.402748 14.13299
2006ac 0.02349 0.023107 15.6236 0.1338 190.437057 35.068871
2006ah 0.05067 0.049998 17.57225 0.158 206.556427 -9.13109
2006ak 0.04093 0.037894 16.7302 0.1297 167.386002 28.63101
2006al 0.06877 0.067853 18.16815 0.11055 159.867661 5.18344
2006ax 0.01754 0.016499 14.9841 0.1341 171.014297 -12.29153
2006bb 0.02557 0.024631 15.8607 0.1496 128.379562 41.51783
2006bq 0.02189 0.021909 15.53085 0.1381 279.995575 39.982319
2006bw 0.03155 0.03002 16.1279 0.14115 218.486694 3.79884
2006cj 0.06845 0.067497 18.31035 0.1248 194.852158 28.347601
2006cp 0.02249 0.02231 15.56975 0.1391 184.812042 22.427191
2006cq 0.04949 0.048405 17.32405 0.12545 201.104324 30.9562
2006en 0.03161 0.031937 16.3736 0.12625 347.521057 30.22328
2006gr 0.03434 0.034556 16.61295 0.1249 338.094482 30.828831
2006gt 0.04486 0.044719 17.2055 0.14795 14.07216 -1.62963
2006hb 0.01531 0.014956 14.74935 0.1526 75.505432 -21.13199
2006is 0.03048 0.031442 16.25295 0.1342 79.393219 -23.781851
2006je 0.03837 0.037994 16.9021 0.16555 27.72193 33.098129
2006mo 0.03682 0.036966 16.77055 0.12655 11.66033 36.332691
2006mp 0.0221 0.022909 15.7795 0.13695 258.000824 46.555981
2006N 0.01402 0.014088 14.64805 0.16195 92.13028 64.723557
2006oa 0.0589 0.059931 17.792 0.11395 320.928925 -0.84347
2006ob 0.05895 0.059182 17.7707 0.10045 27.95055 0.26346
2006on 0.06888 0.069998 18.1778 0.15105 328.993683 -1.07022
2006or 0.0204 0.020699 15.7067 0.156 177.01445 30.35639
2006qo 0.02894 0.02852 16.02685 0.1316 120.035088 56.368679
2006sr 0.02384 0.02414 15.7013 0.1335 0.89593 23.19602
2006td 0.01451 0.01587 14.89705 0.16765 29.56567 36.34938
2006te 0.03292 0.031551 16.452 0.1185 122.929008 41.554668
2007ae 0.06455 0.064297 17.78945 0.1136 255.466949 79.031738
2007ap 0.01663 0.016341 15.01385 0.15025 239.095978 16.51609
2007ar 0.05359 0.052936 17.4687 0.1439 200.257492 58.550781
2007bd 0.03163 0.030908 16.21965 0.11945 127.889061 -1.19937
2007co 0.02751 0.02696 15.9978 0.1291 275.765015 29.897051
2007cq 0.02559 0.026299 15.5514 0.1259 333.668427 5.08016
2007 0.02401 0.023617 15.78645 0.12635 195.812744 50.618759
2007O 0.03713 0.036215 16.56045 0.1177 224.0215 45.404831
2008af 0.03408 0.03351 16.39975 0.12455 224.868713 16.653271
2008bf 0.02454 0.023459 15.6001 0.1278 181.011993 20.245081
2008L 0.01697 0.017842 14.91335 0.1531 49.319149 41.38229
2007A 0.01629 0.01712 15.17685 0.15115 6.319504 12.886883
2007aj 0.03184 0.031022 16.34225 0.12125 191.977173 54.010578
2007cb 0.037 0.036627 16.74885 0.12725 209.571655 -23.372688
2007cc 0.02932 0.029145 15.8648 0.1457 212.175217 -21.596527
2007fb 0.0174 0.018024 15.26595 0.1485 359.218262 5.508861
2007hu 0.03578 0.035397 16.59205 0.1761 254.124527 27.977709
2007is 0.02845 0.029676 16.04785 0.1364 251.810867 40.243443
2007kh 0.05035 0.04997 17.2903 0.16335 48.800205 43.170387
2007kk 0.04269 0.041648 16.93325 0.117 55.596909 39.241749
2007ob 0.03212 0.033888 16.23615 0.1431 348.108276 13.913647
2007su 0.02752 0.027819 16.0669 0.14255 334.787018 13.177747
2007ux 0.03049 0.029327 16.28725 0.1419 152.333084 14.992519
2008C 0.01724 0.016623 14.9294 0.1556 104.297791 20.437105
2008Y 0.07063 0.069699 18.05925 0.1229 169.877426 54.462837
2008ac 0.05344 0.052821 17.62205 0.1398 178.438324 48.422443
2008ar 0.02878 0.026272 16.10835 0.12155 186.158005 10.837983
2008at 0.03518 0.034889 16.42245 0.15235 156.801956 71.415428
2008bw 0.03348 0.033124 16.4802 0.15235 276.710175 51.137894
2008by 0.04651 0.045036 17.18185 0.11625 181.337112 40.945675
2008bz 0.06119 0.060339 17.9246 0.11905 189.740356 11.129333
2008cf 0.04714 0.046071 17.16275 0.12315 211.885773 -26.552151
2008ds 0.0212 0.021007 15.4466 0.1437 7.46175 31.392744
2008fr 0.04028 0.040658 16.8206 0.11335 17.955099 14.640614
2008gb 0.03863 0.036974 16.86145 0.1275 44.488087 46.865608
2008gl 0.03314 0.034018 16.39225 0.12215 20.228416 4.805339
2009D 0.02414 0.024996 15.68035 0.1291 58.59507 -19.181822
2009ad 0.02837 0.028403 16.1044 0.12155 75.889137 6.65995
2009an 0.01043 0.008969 13.9248 0.20035 185.697433 65.85128
2009ds 0.02038 0.01928 15.42955 0.14185 177.266769 -9.729022
2008050 0.0471 0.046046 16.9842 0.14465 204.198303 5.141781
2008051 0.03984 0.038518 16.7074 0.1146 229.995499 4.904647
2009kk 0.0122 0.012852 14.4566 0.1737 57.434666 -3.264628
2009kq 0.01271 0.011698 14.2811 0.1749 129.063126 28.067131
2009le 0.01763 0.017777 14.9354 0.1562 32.321499 -23.412428
2009na 0.02171 0.021095 15.502 0.13615 161.756027 26.543814
2009nq 0.01572 0.01647 14.86115 0.1939 348.820862 19.022661
2010A 0.01972 0.020639 15.27645 0.15785 38.164413 0.619417
2010H 0.01678 0.015366 14.92685 0.15925 121.601433 1.035836
2010Y 0.01226 0.010865 14.4674 0.17765 162.766647 65.779556
2010dt 0.05322 0.052892 17.57915 0.12805 250.812759 32.67432
PTF10bjs 0.03055 0.029997 15.88935 0.45085 195.296722 53.815968
2004ef 0.03001 0.030986 16.1733 0.12025 340.541992 19.9946
2004eo 0.01506 0.015526 14.6193 0.15445 308.226013 9.92853
2004ey 0.0153 0.01577 14.6705 0.1456 327.28299 0.444222
2004gu 0.04713 0.04591 17.1679 0.1151 191.602997 11.9489
2005be 0.03411 0.03356 16.515 0.1148 224.886002 16.669901
2005bo 0.0152 0.014433 14.53545 0.1635 192.421005 -11.0965
2005el 0.01504 0.014905 14.69915 0.1491 77.953003 5.19428
2005eq 0.02763 0.028486 16.23455 0.1179 47.205502 -7.03325
2005iq 0.03359 0.034041 16.59355 0.1061 359.63501 -18.7092
2005kc 0.01447 0.01512 14.6408 0.16555 338.531006 5.56842
2005M 0.02547 0.024645 15.86575 0.1242 144.384995 23.2008
2006bh 0.01082 0.010767 14.0086 0.18445 340.066986 -66.4851
2006ef 0.01741 0.017684 15.1 0.1498 31.081301 -8.72839
2006ej 0.02031 0.020263 15.30565 0.1353 9.74904 -9.01572
2006eq 0.04819 0.049448 17.4344 0.12175 322.154999 1.22811
2006et 0.02223 0.022579 15.3918 0.13205 10.6909 -23.558399
2006ev 0.02811 0.028734 16.3465 0.12485 322.747009 13.9892
2006lu 0.05458 0.054458 17.4521 0.1018 138.822998 -25.6001
2006py 0.05721 0.057827 17.60445 0.1094 340.424988 -0.136917
2007bc 0.02091 0.020776 15.36595 0.1368 169.811005 20.809
2007ca 0.01454 0.014137 14.99535 0.1656 202.774002 -15.1018
2007nq 0.0431 0.043526 16.97675 0.10685 14.3899 -1.38861
2008bq 0.03273 0.033141 16.3843 0.1205 100.260002 -38.038601
2008gp 0.03399 0.033416 16.35135 0.11105 50.752998 1.36189
2008hv 0.01382 0.012549 14.47835 0.15385 136.891998 3.39225
1993ac 0.05092 0.050262 17.42035 0.1224 86.588654 63.373981
1993ae 0.01752 0.017937 15.0558 0.1465 22.45009 -1.97509
1994M 0.02482 0.023156 15.64995 0.13485 187.782288 0.60278
1994Q 0.0288 0.029567 16.09165 0.13605 252.475555 40.428181
1994S 0.01568 0.015174 14.7589 0.1525 187.839676 29.135639
1995ak 0.02197 0.022669 15.36745 0.1436 41.450771 3.23518
1996bl 0.03426 0.035963 16.4701 0.12025 9.07365 11.39695
1996bv 0.01698 0.016672 14.6697 0.1558 94.046577 57.057251
1996C 0.02752 0.027019 16.23595 0.1341 207.751587 49.341251
1997dg 0.03438 0.03396 16.6071 0.12105 355.052948 26.205219
1997E 0.01318 0.013142 14.55605 0.17285 101.894058 74.498199
1997Y 0.01726 0.016252 14.9156 0.1511 191.383057 54.737171
1998dk 0.01209 0.013201 13.9791 0.1914 3.63138 -0.7361
1998dx 0.05418 0.054207 17.3218 0.11385 272.794495 49.85841
1998ec 0.0197 0.019879 15.45455 0.1578 103.27179 50.043282
1998ef 0.01662 0.017019 14.6312 0.14705 15.86096 32.243019
1998eg 0.02398 0.024845 15.8239 0.13525 339.873993 8.60426
1999cc 0.03144 0.03133 16.31895 0.12075 240.675751 37.354771
1999dq 0.01291 0.014124 14.1903 0.1716 38.492378 20.979601
1999ef 0.03827 0.039094 16.99715 0.1201 14.69302 12.74204
1999ej 0.01532 0.016385 14.9486 0.16405 20.73694 33.46196
1999X 0.02643 0.025045 15.91835 0.1425 133.632263 36.51474
2000B 0.0202 0.020195 15.02285 0.15165 106.416641 50.588791
2000cf 0.0373 0.036428 16.8196 0.11505 238.248276 65.93782
2000cn 0.02348 0.023495 15.66265 0.13895 269.425385 27.82572
2000dk 0.01635 0.017009 14.8831 0.1518 16.844589 32.411072
2000fa 0.02275 0.021282 15.5348 0.13625 108.87748 23.426439
6 0.2305 0.230879 21.0138 0.14645 53.366451 -28.371523
11 0.3812 0.380039 22.52675 0.14085 149.975922 2.4119
34 0.2534 0.254211 21.09145 0.11245 36.066437 -3.186536
91 0.1526 0.152019 19.93715 0.11585 129.328903 44.333733
142 0.4365 0.435989 22.84545 0.14185 162.30925 58.467232
190 0.1023 0.101146 19.15365 0.1077 148.988464 2.263464
199 0.3712 0.370032 22.12745 0.10645 151.2314 2.590919
215 0.4661 0.464937 22.7822 0.11645 150.809937 3.144225
236 0.1959 0.195295 20.50135 0.109 131.58017 44.073051
420 0.3112 0.310038 21.7417 0.10825 149.820007 1.613486
10026 0.0322 0.031098 16.472 0.1289 160.674545 58.843826
20027 0.1098 0.109098 19.29245 0.12085 186.336151 46.015209
20096 0.2255 0.224985 20.723 0.12425 161.314117 58.192711
20176 0.2604 0.259992 21.22765 0.12265 211.862396 53.342918
30066 0.2253 0.224142 20.8629 0.1228 150.183395 3.403975
40137 0.4474 0.447008 22.59905 0.1524 214.460434 52.801048
40166 0.4399 0.439522 22.85455 0.16925 214.119614 54.053562
40782 0.3374 0.337329 21.74045 0.14605 242.076706 54.90815
50005 0.5283 0.527901 22.8422 0.14315 211.81218 53.997612
50203 0.5761 0.576039 23.2359 0.14515 242.792953 55.122307
50251 0.3876 0.387223 22.3891 0.15885 214.327362 53.978317
50293 0.36 0.35996 21.92755 0.1335 244.448776 55.302288
50301 0.347 0.346966 21.7912 0.14045 244.724197 55.782909
50607 0.4391 0.438707 22.56615 0.132 213.513916 53.36219
70955 0.3492 0.349124 21.8575 0.11575 241.475372 55.19783
80723 0.4305 0.431326 22.5444 0.12545 34.986366 -3.960606
90201 0.5088 0.51002 22.7793 0.14135 353.328278 -0.950711
91869 0.2888 0.29002 21.4826 0.1256 351.907471 -1.762453
100090 0.1727 0.172083 20.49025 0.1308 131.827972 43.408115
100163 0.318 0.318814 21.8387 0.1521 35.442341 -5.1516
100213 0.2752 0.275592 21.50715 0.1382 53.06715 -27.194307
100405 0.103 0.103381 18.90405 0.12325 53.628551 -27.320578
110033 0.2049 0.205729 20.5539 0.15765 34.903133 -3.529244
110478 0.2647 0.265081 21.2449 0.1389 53.580303 -27.568903
110536 0.2348 0.235172 20.8644 0.19515 54.332516 -26.901747
110567 0.2145 0.214903 20.73405 0.17345 52.713146 -26.459984
110719 0.4276 0.427009 23.03515 0.17065 129.923065 43.964424
110734 0.4019 0.401317 22.2536 0.149 131.068924 45.344208
120085 0.3218 0.320635 21.54775 0.14025 150.470947 2.042647
120094 0.4512 0.450035 22.72345 0.12465 150.526169 2.087794
120336 0.1612 0.160042 20.07365 0.12015 149.082336 1.409467
120400 0.3512 0.350043 22.05965 0.1158 149.628448 2.871781
120585 0.2492 0.250015 21.02715 0.11585 35.773476 -3.610347
130308 0.0822 0.081796 18.52945 0.1223 213.237793 52.743664
130514 0.1056 0.105017 19.1167 0.10015 130.231674 44.79174
130862 0.3327 0.33202 22.0508 0.14375 184.00174 47.92041
140181 0.1022 0.101501 19.0531 0.1106 183.737915 46.845043
150509 0.2928 0.292719 21.4896 0.1351 241.234528 54.878143
151034 0.1326 0.131904 19.53775 0.0994 185.137543 46.666145
160039 0.2707 0.270028 21.22425 0.12 184.975037 48.140274
160099 0.1004 0.100029 19.0807 0.10935 214.667114 54.183052
160197 0.3536 0.353517 22.1458 0.14555 241.617432 53.871807
160200 0.4235 0.423431 22.599 0.2655 242.607559 54.149574
170428 0.3001 0.300042 21.71085 0.11935 243.618469 54.003021
180166 0.1476 0.147539 19.88745 0.11365 242.842651 55.064201
180561 0.2288 0.229998 20.96525 0.12895 334.462433 1.468442
190230 0.1388 0.139993 19.82205 0.1072 333.936981 0.422539
190260 0.1436 0.144789 19.88005 0.10815 333.966827 -0.825158
300105 0.0919 0.093124 18.9547 0.1139 351.710297 -0.730058
310025 0.1568 0.157611 20.1239 0.12545 35.704994 -4.897872
310042 0.2388 0.240021 21.19555 0.2471 351.45108 -1.723219
310073 0.1496 0.149974 20.15155 0.16675 53.446918 -28.913206
310091 0.5078 0.509023 22.9937 0.1404 353.126404 -0.104656
310161 0.2528 0.254022 21.20755 0.11325 352.965912 -0.660444
310238 0.2842 0.28502 21.3163 0.1146 35.526791 -3.233292
310574 0.2368 0.238025 21.0224 0.1241 352.985931 0.536272
320258 0.3412 0.342026 21.88785 0.1485 34.747997 -4.880739
330022 0.2641 0.264924 21.064 0.1418 35.324085 -2.949125
330089 0.349 0.349804 22.1162 0.13315 36.190273 -4.822142
330128 0.3212 0.321997 21.71485 0.1245 36.822823 -3.821314
330146 0.1352 0.136001 19.80745 0.1216 36.717678 -3.120553
340334 0.3065 0.305975 21.88165 0.1627 163.263062 57.806374
350047 0.2335 0.232982 21.21045 0.1599 163.261978 58.136345
350078 0.3006 0.299999 21.91835 0.1704 130.662643 43.784149
350083 0.3676 0.367012 21.9904 0.12345 130.138016 44.373875
350233 0.1692 0.168047 20.2554 0.1144 149.466324 3.482358
350316 0.07976 0.078992 18.337 0.10315 131.46904 43.818844
350548 0.1806 0.180032 20.3864 0.1142 128.847778 44.913643
360112 0.1806 0.179996 20.34675 0.16425 130.672516 43.59663
360140 0.2307 0.230024 21.03315 0.15375 185.618042 47.716175
360156 0.04582 0.045032 17.29255 0.1243 150.807251 1.895292
370098 0.2212 0.220039 20.7853 0.1197 150.006348 2.431106
370308 0.2006 0.199988 20.5274 0.21145 131.31691 43.385666
370333 0.0755 0.074964 18.378 0.11965 164.380127 57.297749
370356 0.02627 0.025694 15.98385 0.1362 183.405457 46.483467
370369 0.1912 0.190029 20.055 0.15515 151.56633 2.406872
370428 0.1777 0.177015 20.3552 0.11035 184.374832 47.54821
370563 0.1852 0.184034 20.5371 0.1169 150.951843 2.646014
380279 0.3491 0.347942 22.02925 0.13805 149.827026 2.934883
380378 0.2712 0.270808 21.30945 0.10785 213.52449 53.464809
390264 0.2921 0.292039 21.17535 0.1226 243.373001 53.990917
390471 0.3704 0.370012 21.7944 0.11375 214.519836 53.013973
420100 0.0963 0.097489 18.8215 0.14795 333.105316 0.851417
420159 0.1808 0.181993 20.2752 0.1117 333.684479 1.217831
420258 0.2748 0.276026 21.3734 0.1525 352.427765 0.705361
420407 0.2454 0.246591 21.2589 0.1441 333.949005 -0.315517
420417 0.3618 0.362989 21.9082 0.2036 333.495209 -0.191614
430004 0.2318 0.233024 20.92185 0.1499 351.113007 -0.754244
440008 0.1466 0.146988 19.91105 0.11095 52.673477 -28.863211
440042 0.1592 0.160014 20.18505 0.1775 35.902134 -3.293964
440162 0.4198 0.421021 22.4583 0.14905 353.266052 -0.912667
440509 0.3192 0.320022 21.66595 0.15665 34.84964 -5.430367
450175 0.5196 0.519982 22.97595 0.19605 53.286446 -28.084442
460003 0.1506 0.150018 19.9375 0.11 128.83551 43.855457
460037 0.3026 0.302961 21.6135 0.15825 54.726967 -27.541098
460105 0.2106 0.210015 20.73865 0.1623 129.369904 44.045273
470008 0.2396 0.23998 20.71895 0.1478 53.08276 -29.013786
470041 0.3316 0.331006 21.7581 0.12005 131.337524 44.754795
470232 0.2006 0.200029 20.72485 0.1607 129.545868 45.202278
470244 0.3606 0.360001 22.1621 0.14215 130.407776 43.771503
480064 0.2426 0.242026 21.3408 0.1213 128.796539 44.448204
480464 0.2212 0.220043 20.82175 0.14915 149.80043 3.221569
490008 0.1206 0.120001 19.3688 0.1916 131.448593 44.420605
490521 0.3412 0.340044 21.88605 0.16925 148.865173 1.575294
500004 0.2504 0.24998 21.0268 0.13165 213.023331 51.673889
500057 0.3804 0.380022 22.1535 0.1307 214.473541 53.84169
500100 0.3106 0.310012 21.81735 0.13845 131.638519 45.356152
500504 0.1994 0.198999 20.3968 0.14145 212.459198 53.477791
510251 0.24 0.239963 21.0934 0.1643 244.493683 55.742764
510457 0.5027 0.502034 22.89585 0.20855 186.388824 48.136864
510578 0.3701 0.370013 22.10035 0.1358 241.23259 53.912125
510638 0.27 0.269953 21.36745 0.13725 243.469391 56.084244
520019 0.2631 0.263024 21.391 0.1313 241.861191 54.457806
520023 0.268 0.267968 21.22475 0.16715 245.239151 55.154831
520062 0.308 0.307956 21.95175 0.1182 244.45137 54.633385
520077 0.25 0.249964 21.3768 0.1625 244.662933 55.684216
520188 0.2804 0.280015 21.3787 0.11055 215.524033 52.544643
530112 0.3148 0.315992 21.9041 0.12485 333.569214 0.920858
530219 0.3288 0.330025 22.1329 0.16575 351.528625 -0.319422
540163 0.3297 0.330511 21.9869 0.11895 36.07233 -3.309342
550041 0.2588 0.260022 21.13905 0.14085 352.540436 -0.866428
550096 0.2246 0.225002 20.6681 0.15385 52.77663 -26.397924
550154 0.2102 0.211005 20.9208 0.1231 36.355568 -3.596208
550218 0.3878 0.388988 22.2944 0.18525 332.927094 0.901281
560087 0.3068 0.30802 21.6875 0.1493 352.675507 -1.555989
560121 0.3652 0.366003 22.2065 0.1423 36.338795 -4.395261
560152 0.2488 0.249999 21.1327 0.1596 334.800201 1.160222
570025 0.2988 0.299998 21.39335 0.16425 335.059631 0.377558
570062 0.1238 0.125024 19.5741 0.1083 353.101715 0.295589
580235 0.3312 0.330038 21.7689 0.1401 150.234879 2.579606
580275 0.3826 0.382964 22.18595 0.1824 54.139133 -28.613928
580300 0.2406 0.240016 21.13115 0.11795 130.333664 44.787704
590005 0.1712 0.170029 20.2873 0.17315 151.017822 1.215467
200132 0.2088 0.209992 20.859 0.16115 334.493988 -0.696892
350180 0.2896 0.289979 21.715 0.1649 53.46273 -28.137632
10 0.2457 0.244544 21.1466 0.1219 149.748993 3.157531
14 0.1361 0.136909 19.76145 0.12305 35.877964 -4.636322
38 0.1505 0.151321 19.8557 0.11605 35.095661 -4.672508
137 0.1187 0.118178 19.26765 0.1244 161.159271 57.811123
174 0.2448 0.244258 21.05305 0.1237 162.029419 56.850155
196 0.3503 0.349139 21.9623 0.10725 150.115067 2.694033
202 0.6192 0.618034 23.4834 0.1156 150.539139 1.899169
220 0.2196 0.218437 20.83145 0.10825 150.536758 2.718564
10010 0.0994 0.098229 19.1829 0.10965 150.858658 1.029419
20090 0.4098 0.409404 22.4668 0.20545 212.87941 53.579578
30006 0.5025 0.501995 22.81425 0.2082 162.524506 58.77742
40150 0.3815 0.380964 22.31495 0.143 162.097794 57.148205
40201 0.2797 0.279014 21.2969 0.11365 184.459579 47.446762
40780 0.2307 0.230646 20.74845 0.15255 243.619476 54.725811
50003 0.4269 0.426832 22.5594 0.1627 242.21933 55.00481
50201 0.5501 0.550025 23.1391 0.14355 241.703354 54.980934
50291 0.3253 0.325262 21.96765 0.14105 244.566132 55.384705
50296 0.3509 0.35085 22.00245 0.1283 243.450897 55.60854
50303 0.3283 0.328229 21.97245 0.18155 241.436798 56.074417
50580 0.4504 0.449985 22.4503 0.1316 212.990707 52.071846
70242 0.06441 0.064995 18.09975 0.1085 36.800156 -4.534686
80064 0.06559 0.065899 17.91255 0.12675 52.425297 -27.877253
80646 0.3185 0.319697 21.8116 0.12465 334.622223 0.941486
90037 0.1453 0.1447 20.2551 0.1724 130.015991 43.421452
90275 0.1396 0.139969 19.7799 0.1129 54.072086 -28.051512
100101 0.4294 0.428788 22.75515 0.1527 132.140976 43.985249
100206 0.2166 0.216994 20.59575 0.11555 52.518173 -28.256693
100358 0.3666 0.367826 21.88675 0.1841 352.444458 0.590506
110425 0.3806 0.379996 22.2063 0.1382 132.011475 44.449287
110430 0.4206 0.42 22.47585 0.16245 132.249557 44.865685
110460 0.1996 0.199974 20.61175 0.15295 53.844757 -27.840279
110484 0.5106 0.510024 22.8206 0.17305 129.185974 44.554737
110542 0.4267 0.42611 22.6189 0.15295 131.820251 45.297623
110716 0.3156 0.315011 21.9342 0.1522 128.985794 43.494511
110721 0.5779 0.577308 23.2802 0.1624 130.216202 44.114304
120044 0.4812 0.480045 23.0166 0.15415 148.791946 1.730247
120086 0.3922 0.391033 22.18855 0.1588 150.789017 2.143386
120143 0.1735 0.172991 20.08825 0.1083 163.682434 58.626564
120369 0.3302 0.329032 21.9984 0.1153 150.995255 2.262419
120444 0.2996 0.300011 21.70345 0.1614 51.682003 -27.936235
120586 0.2296 0.230007 20.95825 0.1411 52.146969 -27.340967
130755 0.2927 0.291997 21.54425 0.1708 183.731598 46.575905
140152 0.2085 0.207972 20.59295 0.11275 162.392685 57.61573
150254 0.2749 0.274204 21.2869 0.11615 183.21106 47.14576
150457 0.3032 0.302666 21.66825 0.11865 161.353256 57.217892
160070 0.359 0.358942 22.19585 0.1342 243.192413 54.873726
160126 0.36 0.359463 21.8702 0.1604 163.283539 57.20126
160198 0.349 0.348933 21.98165 0.1223 242.9048 53.970268
160214 0.6304 0.630023 23.3169 0.11795 213.822037 54.298927
170078 0.3207 0.320025 22.0192 0.15495 186.183167 47.668144
180313 0.51 0.509959 22.84675 0.1182 244.318832 55.37944
190209 0.3669 0.368089 22.0067 0.1243 333.08197 1.035947
190340 0.1384 0.139594 19.7944 0.1038 334.13446 0.473294
300179 0.1792 0.180427 20.54675 0.14915 351.141998 0.227
310039 0.1717 0.172509 20.22 0.11585 36.215561 -3.344772
310051 0.2708 0.272021 21.2356 0.1242 353.411621 -0.552478
310090 0.3473 0.348525 22.23255 0.2533 351.30835 -0.605108
310146 0.4796 0.479992 22.6131 0.1463 52.486576 -28.741932
310188 0.3192 0.320019 21.9169 0.137 35.277637 -4.519644
310260 0.5192 0.520003 22.9578 0.1518 36.168911 -5.104308
320099 0.3802 0.381009 22.18215 0.1306 36.067501 -3.916022
320469 0.3712 0.372031 22.13805 0.26375 34.418312 -4.837083
330023 0.1808 0.181617 20.474 0.12575 35.798058 -2.780092
330083 0.2236 0.223004 20.75105 0.12225 129.495605 43.29768
340229 0.1412 0.142016 19.8422 0.13225 35.879009 -2.860444
350027 0.3055 0.304975 21.68485 0.12015 163.119247 57.807198
350050 0.4045 0.403983 22.12805 0.15365 161.079681 58.076195
350080 0.2856 0.285002 21.43725 0.1358 130.634903 43.99889
350192 0.3012 0.300046 21.5859 0.13495 148.715805 1.961664
350235 0.2637 0.263029 21.2319 0.12955 184.350204 48.346245
350374 0.5006 0.499999 22.9717 0.1963 131.336365 44.239048
350630 0.3051 0.304598 21.64295 0.1129 162.404297 58.953342
360139 0.3857 0.385022 22.28245 0.126 185.738632 47.567509
360145 0.1985 0.197999 20.6442 0.1223 163.66864 59.018993
370066 0.0906 0.089992 18.75805 0.1103 130.348587 43.054436
370329 0.4774 0.476228 22.9261 0.1649 151.308884 1.700672
370344 0.3312 0.330036 21.831 0.11675 150.173752 1.831642
370367 0.4712 0.470043 22.70965 0.15 149.221619 1.977911
370394 0.3306 0.33 21.7726 0.15595 132.379333 45.002171
370498 0.2607 0.260011 21.3572 0.14225 186.266327 46.806156
370566 0.07141 0.070791 18.15745 0.1192 159.985092 58.414917
370595 0.1812 0.180032 20.426 0.1593 150.49765 1.325147
380318 0.3379 0.33674 21.91315 0.151 150.413193 3.249842
390259 0.1221 0.122027 19.37365 0.11495 242.39563 53.867222
390449 0.2501 0.250037 21.1135 0.14315 242.950745 54.455803
390627 0.1604 0.160006 20.16235 0.167 212.627335 53.89996
420196 0.2988 0.300023 21.99485 0.16045 351.76123 -1.028389
420352 0.3892 0.390023 22.11805 0.14095 35.182163 -3.962469
420414 0.2928 0.293993 21.4687 0.1649 334.276184 0.0287
430003 0.3288 0.329987 21.6655 0.17245 333.380432 -0.452858
440005 0.3056 0.305982 21.6995 0.13305 52.989254 -28.883558
440050 0.2858 0.286995 21.46645 0.1395 333.866943 1.549489
440236 0.4292 0.42999 22.4792 0.1471 37.101852 -4.424606
440285 0.1792 0.179996 20.481 0.1699 36.804253 -4.128797
440643 0.1896 0.189985 20.50025 0.1605 53.603645 -26.773911
450082 0.2488 0.250024 21.19025 0.14705 353.356018 0.310492
450339 0.4096 0.410407 22.48095 0.19045 36.287354 -3.353392
460064 0.2416 0.241982 20.85675 0.13015 53.774212 -26.764938
470015 0.3376 0.337964 21.8791 0.16625 54.148548 -28.625116
470043 0.0706 0.070028 18.48435 0.29975 128.9944 44.767532
470110 0.3456 0.346 21.9593 0.1626 52.070568 -28.623327
480184 0.3306 0.330002 21.98705 0.15615 129.735458 43.313931
490007 0.05495 0.054 17.60185 0.1165 184.267822 46.627476
490037 0.4231 0.421934 22.37855 0.1425 149.957199 0.816617
500038 0.1072 0.106038 19.19495 0.1111 150.192459 2.551239
500065 0.2854 0.285023 21.2265 0.12315 214.087631 54.134895
500301 0.3254 0.325016 21.91925 0.1384 215.547714 52.631847
500511 0.3347 0.334019 21.74575 0.1129 184.695679 47.647293
510113 0.2907 0.29 21.30595 0.15955 186.582794 46.066586
510266 0.4404 0.43999 22.4238 0.13695 214.033157 51.732117
510550 0.2411 0.241048 21.09055 0.1118 243.274979 55.611656
510597 0.4607 0.460026 22.75035 0.16435 185.821045 47.822838
520022 0.1194 0.119032 19.33475 0.1245 216.006653 53.464119
520041 0.545 0.544288 23.34415 0.1462 184.138382 45.962044
520071 0.4114 0.411029 22.6089 0.1289 215.503983 53.619328
530037 0.2688 0.269987 21.34225 0.14435 333.670746 -1.050431
530086 0.04976 0.051386 17.35275 0.13525 332.865967 -0.029744
530251 0.4118 0.412998 22.5817 0.15385 334.634277 1.114892
550005 0.07369 0.074003 18.2355 0.1566 51.936008 -28.487053
550059 0.3188 0.320023 22.0816 0.21085 351.302917 -1.024506
550137 0.4198 0.420996 22.16135 0.152 334.754089 0.029656
550202 0.4208 0.422023 22.49015 0.2331 351.799896 -0.782928
560027 0.4392 0.440015 22.46285 0.19185 35.850624 -3.083947
560054 0.4804 0.481622 22.68865 0.17225 353.295807 -0.336408
560150 0.1998 0.200995 20.66375 0.13595 333.960693 1.227583
570022 0.3018 0.303025 21.81235 0.1445 351.12384 -0.484342
570056 0.2902 0.290995 21.4412 0.13835 37.00668 -3.495033
580104 0.3092 0.310004 21.58775 0.1462 36.11964 -4.9673
580270 0.2956 0.295015 21.7291 0.123 130.200073 44.59063
580276 0.3386 0.338974 21.88335 0.13905 53.521389 -28.807699
590031 0.3782 0.377044 22.21555 0.1463 149.072906 2.002344
590194 0.0896 0.089013 18.72405 0.11685 130.236938 44.524326
520016 0.4507 0.45001 22.6586 0.15475 185.337662 46.97084
380199 0.4604 0.460018 22.8011 0.14725 215.233185 53.008881
vespesian 1.206 1.205618 25.73935 0.3352 215.136078 53.046726
washington 1.33 1.330388 25.6034 0.1484 53.086899 -27.82819
carter 1.54 1.538838 25.9072 0.21065 150.061356 2.192381
Primo 1.55 1.550387 26.00705 0.18565 53.158375 -27.777527
geta 1.7 1.701108 26.0592 0.2832 322.349548 0.140211
stone 1.8 1.799601 26.2011 0.18795 189.319885 62.278179
colfax 2.26 2.259601 26.877 0.2548 189.156586 62.309174
wilson 1.914 1.914829 26.1609 0.2559 34.443066 -5.256643
Aphrodite 1.3 1.301202 25.52015 0.17875 53.1563 -27.77956
Borg 1.34 1.341202 25.4652 0.1632 189.28829 62.19116
Eagle 1.02 1.021202 24.88235 0.1657 189.33646 62.22819
Frodo 0.735 0.736202 23.70605 0.134 53.09299 -27.74084
Gabi 1.12 1.121202 25.0639 0.1649 189.05763 62.2021
Koekemoer 1.23 1.231202 25.28615 0.19155 189.0955 62.30644
Lancaster 1.23 1.231202 25.4985 0.17085 189.23633 189.23633
Manipogo 0.854 0.855202 24.3128 0.21455 189.14522 62.26357
Mcguire 1.37 1.371202 25.5159 0.1622 53.04175 -27.83055
Ombo 0.9752 0.976402 24.7061 0.13985 53.10558 -27.75084
Patuxent 0.97 0.971202 25.11545 0.26175 189.53734 62.31316
Rakke 0.74 0.741202 23.8446 0.12605 53.07563 -27.73626
Sasquatch 1.39 1.391202 25.36305 0.20125 189.22552 62.1395
Thoth 1.305 1.306202 25.2642 0.235 53.10326 -27.77169
Vilas 0.935 0.936202 24.2666 0.1658 189.37083 62.19106
SCP05D0 1.014 1.015202 24.85445 0.2291 35.42527 -3.36476
SCP05D6 1.315 1.316202 25.54235 0.1987 35.44368 -3.38227
SCP06C0 1.092 1.093202 24.63835 0.26405 187.35689 1.84905